
NUMPOLLIES 28

// Floor 1
-3.0  0.0 -3.0 0.0 6.0
-3.0  0.0  3.0 0.0 0.0
 3.0  0.0  3.0 6.0 0.0

-3.0  0.0 -3.0 0.0 6.0
 3.0  0.0 -3.0 6.0 6.0
 3.0  0.0  3.0 6.0 0.0

// Floor 2
-3.0  0.2 -3.0 0.0 6.0
-3.0  0.2  3.0 0.0 0.0
 3.0  0.2  3.0 6.0 0.0

-3.0  0.2 -3.0 0.0 6.0
 3.0  0.2 -3.0 6.0 6.0
 3.0  0.2  3.0 6.0 0.0

// left 1
-3.0  2.0 -3.0 0.0 6.0
-3.0  0.0 -3.0 0.0 0.0
-3.0  0.0 3.0 6.0 0.0

-3.0 2.0 -3.0 0.0 6.0
-3.0 2.0 3.0 6.0 6.0
-3.0 0.0 3.0 6.0 0.0

// left 2
-2.8  2.0 -3.0 0.0 6.0
-2.8  0.0 -3.0 0.0 0.0
-2.8  0.0 3.0 6.0 0.0

-2.8 2.0 -3.0 0.0 6.0
-2.8 2.0 3.0 6.0 6.0
-2.8 0.0 3.0 6.0 0.0

// right 1
3.0  2.0 -3.0 0.0 6.0
3.0  0.0 -3.0 0.0 0.0
3.0  0.0 3.0 6.0 0.0

3.0 2.0 -3.0 0.0 6.0
3.0 2.0 3.0 6.0 6.0
3.0 0.0 3.0 6.0 0.0

// right 2
2.8  2.0 -3.0 0.0 6.0
2.8  0.0 -3.0 0.0 0.0
2.8  0.0 3.0 6.0 0.0

2.8 2.0 -3.0 0.0 6.0
2.8 2.0 3.0 6.0 6.0
2.8 0.0 3.0 6.0 0.0

// front 1
-3.0  2.0 3.0 0.0 6.0
-3.0  0.0 3.0 0.0 0.0
3.0  0.0 3.0 6.0 0.0

-3.0 2.0 3.0 0.0 6.0
3.0 2.0 3.0 6.0 6.0
3.0 0.0 3.0 6.0 0.0

// front 2
-3.0  2.0 2.8 0.0 6.0
-3.0  0.0 2.8 0.0 0.0
3.0  0.0 2.8 6.0 0.0

-3.0 2.0 2.8 0.0 6.0
3.0 2.0 2.8 6.0 6.0
3.0 0.0 2.8 6.0 0.0

// back 1
-3.0  2.0 -3.0 0.0 6.0
-3.0  0.0 -3.0 0.0 0.0
3.0  0.0 -3.0 6.0 0.0

-3.0 2.0 -3.0 0.0 6.0
3.0 2.0 -3.0 6.0 6.0
3.0 0.0 -3.0 6.0 0.0

// back 2
-3.0  2.0 -2.8 0.0 6.0
-3.0  0.0 -2.8 0.0 0.0
3.0  0.0 -2.8 6.0 0.0

-3.0 2.0 -2.8 0.0 6.0
3.0 2.0 -2.8 6.0 6.0
3.0 0.0 -2.8 6.0 0.0

// ceiling_left
-3.0  2.0 -3.0 0.0 6.0
-3.0  2.0 3.0 0.0 0.0
-2.8  2.0 3.0 6.0 0.0

-3.0 2.0 -3.0 0.0 6.0
-2.8 2.0 -3.0 6.0 6.0
-2.8 2.0 3.0 6.0 0.0

// ceiling_right
3.0  2.0 -3.0 0.0 6.0
3.0  2.0 3.0 0.0 0.0
2.8  2.0 3.0 6.0 0.0

3.0 2.0 -3.0 0.0 6.0
2.8 2.0 -3.0 6.0 6.0
2.8 2.0 3.0 6.0 0.0

// ceiling_back
-3.0  2.0 -3.0 0.0 6.0
-3.0  2.0 -2.8 0.0 0.0
3.0  2.0 -2.8 6.0 0.0

-3.0 2.0 -3.0 0.0 6.0
3.0 2.0 -3.0 6.0 6.0
3.0 2.0 -2.8 6.0 0.0

// ceiling_front
-3.0  2.0 2.8 0.0 6.0
-3.0  2.0 3.0 0.0 0.0
3.0  2.0 3.0 6.0 0.0

-3.0 2.0 2.8 0.0 6.0
3.0 2.0 2.8 6.0 6.0
3.0 2.0 3.0 6.0 0.0
